173
100
0
0	87804	77276	116814	5023	5008	36206	60547	33016	79067	56412	39168	29384	10285	80058	50619	28132	81813	82196	91790	25031	95696	9794	42821	91721	32769	55407	32335	48011	42973	20410	78298	28061	18739	64529	25355	35941	18890	47106	29480	11303	46213	51270	36740	48329	26688	25716	69590	40980	34019	121690	32732	8738	95905	54891	15681	17064	20081	45181	60344	25760	82516	61706	82025	21816	81889	84183	53680	69460	38831	46848	90225	44493	72201	68592	41587	7731	42926	35313	39682	24343	44043	34464	24225	21625	28688	20716	27416	30176	27791	71772	20190	115132	22259	45402	32681	19883	88847	42795	45843	33677	86773	44830	60020	17864	70048	48258	53653	30630	64443	64122	40303	39138	35354	54581	32657	35661	40943	62474	41069	54831	49772	39332	60609	49626	29234	16421	39044	17117	33022	82561	40601	35660	45660	112946	61986	25280	13314	61086	41781	114105	53288	33825	44791	74966	43912	14592	52290	49141	65808	38057	23027	49840	68546	54027	47816	77279	20255	74639	32344	50518	86400	59841	9293	82696	31866	78791	44097	49271	77339	55006	26056	43571	56511	
87804	0	60606	16961	112503	103861	69707	37396	70192	55722	85500	90874	61645	101241	93912	51426	90873	166181	57860	176158	87771	66962	99402	95950	62987	89543	71936	97897	76118	127361	70675	73933	107454	114632	163499	91177	69319	99250	56304	86240	106822	65580	64704	64488	39570	61479	62064	26817	62237	56867	22533	90577	87560	109758	45228	79602	69574	99474	48136	144712	86365	166884	60757	13512	65963	52199	116883	138049	54900	72381	68481	122004	162321	67836	64228	64951	101327	72014	66395	129100	64660	67160	56317	68571	114040	69015	73295	96444	66908	118023	20845	68314	10934	95403	107911	129767	88299	173216	60291	64178	55331	109760	141916	76549	97111	93732	105032	69158	91322	28721	59763	66485	95911	57802	62053	59894	87070	59302	64208	49860	151026	69815	61836	144977	133994	64956	77635	55361	93754	75127	116987	77772	92433	74748	27830	55702	87641	96180	35008	138866	9034	88472	123243	57247	70601	134316	73242	55124	62813	84398	105252	75693	139258	62367	74493	76904	161647	81338	47272	96543	73390	170769	54471	78789	40115	58267	16541	69488	58506	48630	44800	103212	140657	61873	
77276	60606	0	75122	82295	73652	59880	31131	56676	102687	80032	60666	44849	71032	103679	46371	60664	135972	105817	145950	57563	28072	69194	66441	24097	59334	79027	67688	71632	97153	61282	101918	77245	84424	133291	60969	31958	69041	50535	56032	76613	69833	74891	60361	34549	39829	37979	48451	54684	27284	80694	60369	64132	119525	48608	63732	45247	69265	21260	114503	56156	136676	85327	52896	41636	105509	138343	107840	10665	62451	70469	144384	132112	95821	92213	65207	71118	66546	51815	98891	46398	67663	35752	38988	83831	60840	43712	66236	55715	87815	42584	44886	69095	65194	77702	99558	58090	143007	57771	69463	42048	100231	111707	83641	66903	93668	74823	77274	61114	40526	87742	63923	65702	37717	78201	30312	59281	59279	86094	28650	120817	73392	53036	114768	103786	35373	48053	40332	63546	40759	86778	64222	62225	69281	74422	85607	57432	65972	47306	108658	67195	76909	93034	63127	98587	104108	49814	50070	72762	89428	75043	46111	109049	16381	77648	71437	131439	51755	68333	66334	74139	140560	18543	55361	106316	45521	46891	67717	72891	14907	20827	73004	110448	80131	
116814	16961	75122	0	122199	113557	85057	51229	91115	51139	92301	88066	73088	110937	89680	62868	100265	175877	53277	185854	97163	80794	109098	91719	76820	92618	68785	107289	83900	137057	82117	58955	117150	124328	173195	100953	83151	108945	67747	90369	116517	77023	67211	75930	53403	75312	77706	38259	73679	70699	5741	99969	101392	105527	56671	103637	82597	109169	61968	118375	96061	144451	56526	27345	78986	47616	113732	147744	68733	82508	72846	117772	172017	57614	59996	76393	111022	78815	77838	138795	76103	78602	70149	82404	123736	80457	87127	106220	78350	127719	34678	82147	6971	107825	117303	139462	97994	182911	71734	75620	66774	106609	151612	73398	106953	90581	103175	71664	100714	42553	58221	79938	105303	71635	73495	73727	82838	70744	59977	63693	160721	75769	73278	154673	143690	78788	91468	63952	103450	88960	111647	89499	96955	81549	38089	67145	97337	105876	46451	148562	17375	95273	132938	68690	59747	144012	87075	66567	74256	81247	114644	89526	148953	76200	80448	83705	171343	95170	48103	105935	77755	123525	68303	92622	35532	69710	30374	75404	69948	62463	58633	115634	150353	73315	
5023	112503	82295	122199	0	6307	41673	85568	38482	84533	61879	44634	31738	6332	85525	56086	27661	77860	87663	87837	24560	101163	9323	48287	97188	32298	60873	31864	53478	39040	21886	83764	23460	14786	58960	24883	39052	14169	52573	29009	7351	51680	56737	42207	73349	29433	28071	94611	46446	36763	127156	32261	12310	107571	60358	22467	20316	19609	70201	56391	31226	78563	67173	107045	29839	87355	80230	49727	74927	44298	52315	86272	42602	77667	74059	47053	7260	48393	40780	35730	37508	49509	54813	29402	17672	34155	23988	26945	35642	23839	96793	22935	120599	21788	54720	27588	19411	84894	48262	51309	36032	82820	39738	65487	17393	75514	47787	59120	30159	89463	69588	45769	38666	38099	60048	37834	41128	46410	67941	43814	49738	55238	44799	56656	45673	34412	21599	59394	16646	36133	78608	46068	35189	51127	137967	67453	30747	10834	71520	36688	119572	58755	29872	50258	80433	37511	17509	57756	54608	71274	37585	26138	45887	74013	59494	53283	73326	23366	80106	31873	55985	82447	65307	12758	88163	52101	103811	49563	54737	82806	86693	25585	38478	61978	
5008	103861	73652	113557	6307	0	32774	57719	29583	75634	52980	35736	26556	8709	76626	47187	24700	88660	78764	98637	21599	92264	6362	39388	88289	29337	51975	28903	44579	39540	17582	74866	24629	19180	85978	21922	34717	15458	43674	26048	11745	42781	47838	33308	45501	23860	22889	66763	37547	31191	118257	29300	12118	92472	51459	12853	14236	16648	42353	67190	22327	89363	58274	79197	18988	78457	91030	60527	66028	35399	43416	97072	49071	68768	65160	38154	4299	39494	31881	40124	28609	40610	31636	23001	21267	25256	20539	23984	26744	28233	68944	17362	111700	18827	41970	32860	16450	95694	39363	42410	30850	93620	45009	56588	14432	66616	44826	50221	27198	61615	60690	36870	35705	32526	51149	35615	32229	37511	59042	38241	55010	46339	35900	67456	37860	32192	15197	36216	13685	31798	89408	37169	32228	42228	110119	58554	21848	9882	62621	41959	110673	49856	34267	41359	71534	44354	11764	48858	45709	62376	34624	21803	50282	65114	50595	44384	84126	19031	71207	28912	47086	93247	56408	7363	79264	43202	75963	40664	45838	73907	77794	22624	43750	53079	
36206	69707	59880	85057	41673	32774	0	63403	8474	47150	24495	4139	24528	29861	48141	19806	13241	94801	50279	104778	10139	78998	28022	7792	75023	8511	23490	20196	9367	42450	20110	46381	29106	43252	92119	13498	56371	27869	16293	4691	35441	14296	19353	5927	51184	36726	34876	48655	15882	43919	89773	10372	43022	63988	24078	22560	23680	21125	48036	43452	14985	69528	29789	84880	24937	49972	54079	66668	52762	6914	14931	64122	90940	40284	36676	9670	29946	11009	10215	57719	20000	12126	32648	55623	42659	19668	38499	18765	12417	46643	74628	32261	83215	17724	26673	58386	16918	101835	11982	13926	25613	46956	70535	28104	19432	33303	23794	21736	13621	67298	32205	8386	15706	34614	22664	46947	2983	10130	30557	45285	79645	17855	14235	73597	29294	52008	43608	37229	22374	62179	36724	5593	9472	13743	94161	30069	16260	24800	35240	67486	82188	18259	51862	13978	43049	62936	28284	21477	17225	33891	25047	62746	67877	51848	22110	15899	90267	47593	42722	18842	18601	99388	43142	33190	50779	17598	81646	12180	17354	60641	64528	25533	69276	24594	
60547	37396	31131	51229	85568	57719	63403	0	59120	59137	82476	63110	35970	73476	106123	34657	63108	138416	76492	148394	60007	37487	71638	68885	33512	61778	81471	70132	74075	99597	45698	72594	79689	86867	135735	63413	41554	71485	36881	58476	79057	51621	53490	47152	11806	33714	34300	20431	41831	29102	56052	62813	59795	121969	33841	51838	41809	71709	17139	116947	58600	139120	59418	28254	38198	61787	140787	110284	24769	64895	72913	146828	134556	66497	62888	47615	73562	68990	54259	101335	44255	49347	28552	40806	86275	45162	45530	68679	58159	90259	17942	40549	44453	67638	80146	102002	60534	145451	43523	47409	30304	102675	114151	86085	69347	96112	77267	79718	63558	12506	58424	66367	68146	30038	50838	32130	61725	42533	62869	22095	123261	75836	41430	117212	106230	37191	49871	27596	65990	47362	89222	66665	64668	71725	59391	54363	59876	68416	21521	111102	42553	76164	95478	40479	69262	106552	45478	38356	45762	91872	77487	47929	111493	31142	80092	73881	133883	53573	45932	68778	76583	143004	24087	51024	49913	38226	25122	70161	46652	18499	9855	75447	112892	50658	
33016	70192	56676	91115	38482	29583	8474	59120	0	53221	30566	9990	17121	26367	54213	22713	12714	91307	56351	101284	9612	76384	24528	12912	72409	11754	29561	20108	22165	52487	11762	52452	32580	39758	88625	12494	53757	24375	16880	4775	31947	20367	25425	10894	48570	34112	21814	49516	8476	41305	95844	12789	39528	70059	24939	16877	15066	24599	45422	69838	6343	92010	35861	82266	19052	56043	93677	63174	50147	12985	21003	99719	87447	46355	42747	15741	26452	17080	6627	54226	14114	18197	30034	36777	39166	9468	32613	16741	3546	43149	72013	26375	75595	16720	30122	54892	11235	98342	11563	17726	18207	56139	67042	34175	18428	44202	27243	27808	15212	64684	38276	14457	18122	31999	28735	44332	9815	13037	36628	42671	76152	23926	8349	70103	59120	49394	38999	26019	18880	59565	39198	14755	12356	19815	95022	36140	10577	21306	36101	63992	69358	27442	48368	16885	49120	59442	22600	24384	23296	39962	27463	45276	64383	49233	28182	21971	86773	43809	48793	17684	24673	95894	40528	27507	56850	14130	79032	18251	23425	58026	61914	24529	65783	30665	
79067	55722	102687	51139	84533	75634	47150	59137	53221	0	54609	50374	68722	73245	50229	38626	62573	138185	6770	148162	59471	123192	71406	54027	119217	54926	29333	69597	46208	99365	63495	7573	79458	86636	135503	63262	100565	71254	45624	52677	78826	39588	29519	49056	47241	80920	79070	39882	60076	88113	56003	62278	86406	55336	37047	65945	67065	71478	56410	80683	58369	106759	17517	66837	69131	2902	74280	110053	96956	44817	35154	78321	134325	6232	12175	48152	73330	41123	54410	101104	64194	44888	76842	86984	86044	63053	82820	68528	57366	90027	63169	76582	49446	70133	79611	101771	60303	145220	53869	47412	47150	67157	113920	33947	69261	51129	65483	33972	63022	55971	20530	42246	67611	78808	31062	91141	45147	52017	20525	53738	123030	38077	58429	116981	105998	96202	86993	45752	65758	106373	73955	51808	59263	43857	80929	22420	59645	68184	35349	110870	48418	57581	95247	41174	8365	106320	71668	33350	41602	41795	76952	93749	111262	96042	42756	46013	133651	90977	14212	68243	40063	84074	87336	76575	17009	65730	66533	37713	33941	104835	55622	77943	112661	32992	
56412	85500	80032	92301	61879	52980	24495	82476	30566	54609	0	17469	45420	49944	31077	38795	27136	44466	57609	57402	36170	99891	48105	14772	95916	20530	20338	25997	12950	40500	40194	53711	36909	63335	63130	39960	77264	47952	32314	29376	55524	23715	26683	25755	72077	57619	55769	65091	36775	64812	97103	22576	63105	46923	43066	42644	43763	48176	68929	26830	35068	52906	37119	105773	45830	57302	37457	37679	73655	21279	22261	47500	111024	47614	44005	21959	50029	16596	31108	48283	40893	21350	53541	63683	62743	39752	59519	31214	34065	66726	95521	53280	90545	46832	21323	78469	37002	51501	28003	23874	46506	30334	90619	18889	45960	14392	11630	22945	24686	88191	39535	18708	21187	55506	29994	67839	21845	27905	28095	66178	99729	18210	35128	44608	26377	72901	63692	58122	42457	83072	20102	13797	17678	12483	110540	37399	36344	44883	54228	87569	89518	8445	46524	29150	50379	83019	48367	35593	26644	15475	30364	70448	60360	72740	13801	8642	35528	67676	50052	29099	14992	43425	64035	53274	58109	42429	102539	17899	26773	81534	85421	32386	89360	31924	
39168	90874	60666	88066	44634	35736	4139	63110	9990	50374	17469	0	28416	32939	51229	23537	11737	58675	53367	107857	11888	82887	31101	4535	78912	5508	26578	15055	12039	30823	23189	49469	25332	46331	61226	15247	60259	30948	20024	6439	38520	17384	22441	10901	55073	40615	38764	52386	19771	47808	92860	7370	46101	67075	27809	25639	26759	31172	51925	41040	18064	67115	32877	88769	28826	53060	51666	35776	56650	10002	18019	61709	94019	43371	39763	12757	33025	14097	14104	60798	23888	15213	36537	59512	45738	22747	42514	15815	17060	49722	78516	36276	86303	19472	22600	61465	19997	65710	15713	17013	29502	44543	73614	31191	21181	30891	19721	24824	9219	71187	35293	11473	12703	38502	25752	50835	6062	13861	33645	49174	82724	20942	18123	42704	26291	55896	46687	41117	25453	66068	34312	8928	5667	16831	111768	33157	19339	27879	38971	70565	85276	15846	54941	17709	46137	66015	31363	25208	20312	31974	22044	53444	70956	55736	25198	18987	49738	50672	45810	13701	21689	57635	47031	36269	53867	25425	85535	15267	20441	64529	68416	20809	72355	27682	
29384	61645	44849	73088	31738	26556	24528	35970	17121	68722	45420	28416	0	30247	66842	13588	25108	102402	68980	112380	22007	63049	24910	29604	59074	25185	42190	35985	34795	53370	15311	65081	40026	50854	99721	27194	33731	31845	10619	20480	43043	25024	38054	16982	24279	17425	7356	41013	9210	24756	78692	26220	34381	82688	16437	17188	11422	32045	25846	80933	18737	103106	48490	57974	7812	68672	75891	74270	36813	25614	33632	110814	98542	58984	55376	18888	24589	29709	13369	65321	12573	20620	8644	25538	50261	14776	21374	37813	13881	54245	47722	15135	67093	28643	43553	65988	24259	109437	12611	19621	7495	68768	78137	46804	30352	56831	40674	40437	27606	40392	37539	20422	31553	15855	29769	30998	22444	14932	49257	17785	87247	36555	8809	81198	51690	26645	27759	12233	24125	34629	52629	27385	26509	32444	86519	34041	19259	28776	27598	75088	60855	40072	59464	15686	61750	70538	15576	17286	24693	52591	48454	34036	75479	31796	40811	34600	97869	32569	40279	34631	37302	106990	27193	25610	55759	5606	54741	30880	25583	44692	32901	36453	76878	29589	
10285	101241	71032	110937	6332	8709	29861	73476	26367	73245	49944	32939	30247	0	74135	44696	22209	74677	76273	84655	19108	89773	6245	36897	85798	26846	49483	26412	42088	29871	20532	72374	17831	11603	55031	19431	43564	8779	41183	23556	4168	40290	45347	30817	61959	34881	29839	83221	35056	54694	115766	26809	17573	89981	48968	17015	22084	14157	58811	53208	19836	75381	55783	95655	27836	75965	77048	46545	63537	32908	40925	83089	64902	66277	62669	35663	6813	37003	29390	30184	26118	38119	43423	33877	12043	22765	26651	21493	24253	18293	85403	23475	109209	16336	51537	29072	13959	81712	36872	39919	44787	79638	41221	54097	11941	64124	42335	47730	24707	78073	58198	34379	33214	45389	48658	57722	29738	35020	56551	56060	51222	43848	33409	53473	42491	38305	24044	48004	11194	40645	75426	34678	29736	39737	126577	56063	19357	5444	60130	38172	108182	47365	24327	38868	69043	35401	16038	46366	43218	59884	32133	30650	40342	62623	48104	41893	70144	27878	68716	26421	44595	79265	53917	13476	76773	40711	92421	38173	43347	71416	75303	20133	39962	50588	
80058	93912	103679	89680	85525	76626	48141	106123	54213	50229	31077	51229	66842	74135	0	52720	62948	58601	53072	71537	59847	123567	71782	44393	119592	55302	25301	59154	42571	68306	63870	49173	79833	87011	97591	63637	100940	71629	52486	53052	79201	39315	32100	49432	95754	81295	79445	76021	60451	88488	94638	55732	86782	17854	56992	66320	67440	71853	92606	54637	58744	76370	33562	106035	69506	52764	39182	80786	97331	45192	33908	30099	134700	43076	38512	48527	73706	41498	54785	95146	64569	40987	77218	87359	86419	63428	83195	68904	57741	90403	99308	76957	88081	70508	49129	102146	60678	52126	54244	43511	58545	29409	114295	24251	69637	17307	39436	28295	63398	92110	38676	42621	54344	79183	35454	91516	45522	47543	29704	89854	123405	30398	58804	87715	54184	96577	87368	61669	66134	106749	44557	43418	47299	35385	121470	42859	60020	68559	71489	111246	87053	38065	95622	48037	45842	106696	72043	49518	41329	20464	58170	94125	103467	96417	31566	34602	40520	91353	47587	68619	36188	35852	87712	76950	55644	66106	105731	38056	38333	105210	109097	78318	113036	37384	
50619	51426	46371	62868	56086	47187	19806	34657	22713	38626	38795	23537	13588	44696	52720	0	30002	111559	50920	121536	26900	68260	44780	27401	64285	27239	28030	41512	23862	72739	22542	47022	52832	60010	108877	34815	41540	44628	6154	26007	52200	18929	20798	14460	22971	22833	18723	30814	14104	29088	68493	31747	47135	68527	6238	26612	23614	44851	28638	61162	23631	87238	30430	56667	20004	46016	72977	83427	42023	20352	21830	80773	107699	40925	37317	14923	46704	21602	18896	74478	16527	16656	14005	37338	59418	20881	34128	34029	18775	63401	46414	27890	56894	39040	49080	75144	33677	118594	10831	14718	7791	65854	87294	32643	40749	49826	45962	25252	34938	39085	25917	16457	37080	21253	18147	32115	18262	9842	32104	20081	96404	23164	13703	90355	79372	37177	40513	11719	39132	47348	54434	25743	28200	24336	76320	22419	24532	41558	17399	84244	50657	38060	68620	7787	43690	79694	27767	5664	13071	40492	46421	45837	84635	34588	27842	26492	107025	45324	30161	40158	26138	116146	26691	38365	45642	10134	53433	22629	13961	49902	31593	46849	86035	17966	
28132	90873	60664	100265	27661	24700	13241	63108	12714	62573	27136	11737	25108	22209	62948	30002	0	63459	66068	73436	3459	79566	20378	13779	75591	8221	39278	10433	22576	25968	15278	62169	14482	32327	54443	4401	56939	18556	24696	9416	29816	30084	35142	20612	51752	37294	35444	73014	21926	44487	105561	4749	35378	79776	32755	18366	18848	11891	48604	36461	8142	62537	45578	85448	26693	65760	54010	33772	53330	22703	30720	58068	85315	56072	52464	25458	22302	26798	16259	29596	21756	27914	33216	40860	20388	14836	36696	4964	11226	25002	75196	30458	99004	12265	22902	52760	9936	70494	25013	29714	26022	46887	64910	43892	13974	45172	21479	37525	2647	67866	47993	24174	12358	35182	38452	47515	15247	24814	46346	45853	62665	33643	16114	40701	24288	52576	39044	37797	12927	62747	33434	19466	10812	29532	116370	45858	11428	17156	43917	61860	77174	20376	26009	28663	58838	45955	25161	36161	33013	49679	21052	45800	39754	52416	37899	31688	46347	43028	58511	5119	34390	54244	43710	28626	66568	21946	82214	27968	33142	61209	65096	8997	63651	40382	
81813	166181	135972	175877	77860	88660	94801	138416	91307	138185	44466	58675	102402	74677	58601	111559	63459	0	141863	35756	87278	155363	85779	52009	151388	50529	65864	55692	54413	51576	88797	137964	67628	67434	44987	64397	132736	68159	106773	55405	71684	67841	110937	96407	127549	113091	111241	148811	100646	120284	181356	49791	101120	52801	114558	85185	92366	62642	124401	32051	85426	23766	121373	161245	96182	141555	21178	45005	129127	98498	106515	31502	127183	131867	128259	101253	87703	60722	94980	50868	91708	65475	109013	107680	60879	88355	103516	61277	89842	64862	150993	97278	174799	62720	38653	94629	82129	9289	102462	105509	110377	28050	106778	56807	62560	42653	36709	113320	51901	143663	123788	99969	54586	110979	114248	123312	95328	100610	74008	121650	65350	109438	98999	33867	40950	128373	107645	113594	80131	122506	23838	55260	49896	56608	192167	121653	84947	78147	125720	103729	173772	44018	70081	104458	134633	60366	91981	111956	70769	50466	46872	112511	47243	128213	57927	52767	15988	107551	134306	58771	59117	23939	119507	95446	142363	106301	158011	62025	70898	137006	140893	55635	70565	116177	
82196	57860	105817	53277	87663	78764	50279	76492	56351	6770	57609	53367	68980	76273	53072	50920	66068	141863	0	151239	62548	126268	74483	57103	122293	58003	32409	72673	49284	102442	66571	4248	82534	89712	138580	66338	103641	74330	51171	55753	81902	42665	32595	52133	53811	83997	82146	46452	63152	91189	58954	65354	89483	57170	43617	69021	70141	74554	95307	83760	61445	109835	20593	68770	72207	5152	77356	113129	100032	47893	38231	81397	137401	11513	15251	51228	76407	44199	57486	104180	67270	47964	79919	102894	89120	66129	85896	71605	60442	93104	67078	79658	51379	73209	82687	104847	63379	148296	56945	50488	57230	70233	116996	37023	72338	54206	68559	37049	66099	62541	23606	45323	70687	81884	34138	94217	48223	55093	23602	92556	126106	41154	61505	120057	109075	99278	90069	60353	68835	109450	77032	54884	62340	46934	82862	28617	62721	71260	41919	113947	50351	60658	98323	46721	9286	109397	74744	48202	44678	44871	80028	96826	114338	99118	45832	49090	136728	94054	20782	71320	43140	87150	90413	79651	18689	68807	68466	40789	37017	107911	62192	81019	115737	36068	
91790	176158	145950	185854	87837	98637	104778	148394	101284	148162	57402	107857	112380	84655	71537	121536	73436	35756	151239	0	51522	119607	50024	31579	115632	26689	79318	19937	41665	15820	53041	102209	31873	31678	34700	28641	96980	32403	71017	56180	35928	70124	75181	60651	91794	77335	75485	113055	64891	84528	145601	23986	65364	67940	78802	49429	56611	26886	88646	15912	49671	38085	85617	125489	60426	105800	40599	9249	93371	62742	70759	46640	91428	96112	92503	65498	51948	66837	59224	23609	55952	67953	73258	71924	25123	52599	67760	25521	54087	29107	115237	61522	139043	26964	14241	58873	46374	45263	66706	69754	74622	43189	71023	51073	26805	43649	23961	77564	26853	107907	88033	64214	18830	75223	78492	87556	59572	64854	86385	85894	62109	73682	63243	16178	5195	92617	71889	77838	44376	86751	23522	64512	26932	69571	156411	85897	49191	42392	89964	67973	138016	31269	34326	68702	98877	45400	56225	76201	73052	44732	11117	76756	31930	92457	77938	71727	33695	71796	98550	23016	74429	42816	83752	59690	106607	70545	122256	68008	73182	101250	105137	19879	69764	80422	
25031	87771	57563	97163	24560	21599	10139	60007	9612	59471	36170	11888	22007	19108	59847	26900	3459	87278	62548	51522	0	76534	17346	15531	72559	11601	36247	13814	28851	29348	14524	59138	20615	29295	83461	3670	53907	15524	21664	6384	26784	27053	32110	17580	48720	34262	32412	69982	18894	41455	102529	8129	32346	76744	29723	15334	18094	12635	45572	39841	5111	65917	42546	82416	23661	62728	57390	58011	50298	19671	27688	94555	82283	53040	49432	22426	19270	23766	13227	37642	18724	24882	30185	37828	21707	13149	33664	7556	8194	37985	72164	27426	95972	9233	26282	49728	9928	93178	21981	26682	22990	50267	61878	40860	10942	50887	24859	34493	6027	64834	44962	21142	15738	32150	35421	44483	12215	21783	43314	42821	70988	30611	13082	64939	27668	49544	36012	34765	9896	59715	36814	17155	12564	26500	113338	42826	10674	14124	40885	58828	74142	23756	43205	25631	55806	54278	22130	33130	29981	46647	24432	42769	47800	49384	34867	28656	81609	39997	55479	8499	31358	90730	40678	25594	63536	18914	79182	24936	30110	58177	62064	17043	60619	37351	
95696	66962	28072	80794	101163	92264	78998	37487	76384	123192	99891	82887	63049	89773	123567	68260	79566	155363	126268	119607	76534	0	60992	58239	29522	51132	70826	59487	63430	88951	53081	93717	69044	76222	125089	52767	22826	60839	42333	47830	68411	61632	66689	52159	26348	31628	29777	47609	46482	19082	85262	52167	55930	111323	40406	55531	37045	61063	23200	106302	47955	128474	77125	49057	33435	97308	130141	99638	5373	54250	62267	136183	123910	87619	84011	57005	62916	58345	43614	90689	38196	59461	27550	30786	75630	52639	35510	58034	47514	79613	38745	36684	73663	56992	69500	91356	49888	134805	49569	61261	33846	92030	103506	75439	58701	85467	66621	69072	52912	36687	79541	55721	57501	29515	70000	22110	51080	51077	77893	20448	112615	65190	44835	106567	95584	27171	39851	32131	55344	37342	78576	56020	54023	61079	109336	77405	49231	57770	39105	100456	71763	68707	84832	54925	90385	95906	41613	41868	64560	81227	66841	37909	100847	9038	69446	63235	123237	43553	60131	58133	65937	132358	13251	47159	98115	37320	45926	59515	64689	13252	17139	64802	102246	71930	
9794	99402	69194	109098	9323	6362	28022	71638	24528	71406	48105	31101	24910	6245	71782	44780	20378	85779	74483	50024	17346	60992	0	34963	83864	24912	47549	24477	40153	35115	14932	70440	20203	16367	58407	17497	40462	11032	39248	21622	8932	38355	43413	28882	60025	26159	21117	81287	33122	33490	113832	24875	16787	88047	47033	15081	13362	12223	56877	62765	17902	84937	53848	93721	19114	74031	86604	56102	61602	30973	38990	92646	69665	64343	60735	33729	3711	35068	27455	33560	24183	36185	41489	30775	16842	20830	23549	19559	22318	21669	83468	20372	107274	14402	37545	33835	12025	91269	34937	37985	29078	89194	45985	52163	10007	62190	40400	45795	22773	76139	56264	32445	31280	43454	46723	55787	27803	33085	54616	54126	55985	41914	31474	63030	33435	35202	20942	46070	9259	37543	84982	32743	27802	37802	124643	54128	17422	5456	58195	42935	106247	45430	27703	36933	67108	38777	11458	44432	41284	57950	30199	27548	43718	60688	46169	39958	79700	24776	66781	24487	42660	88821	51983	10373	74838	38776	90487	36239	41413	69481	73369	18198	44726	48653	
42821	95950	66441	91719	48287	39388	7792	68885	12912	54027	14772	4535	29604	36897	44393	27401	13779	52009	57103	31579	15531	58239	34963	0	82277	6273	29943	17118	9312	31330	26555	52834	27395	49696	61733	18671	63625	34313	23389	9246	41885	20749	25806	14266	58438	43980	42129	55751	23136	51173	96226	9433	49466	60696	31174	29004	30124	22964	55290	35669	21429	61745	36242	92134	32191	56425	48940	36283	60016	13367	21384	58983	97384	46737	43128	16123	36390	17462	17469	39113	27253	18579	39902	62877	49104	26113	45880	17879	20426	53087	81881	39641	89668	22897	22378	64830	23362	60340	19078	20379	32867	41817	76980	34556	24605	28164	19499	28189	11351	74552	38658	14839	13210	41867	29117	54200	9428	17226	37010	52539	86089	24307	21488	43211	26799	59262	50052	44483	28818	69433	31454	6202	5751	20196	115133	36522	22705	31244	42336	73930	88641	9133	58306	21074	49502	69380	34728	28573	23677	29247	22551	56809	49271	59101	28563	22352	44367	54037	49175	15764	25054	52264	50396	39635	57232	28790	88900	18633	23807	67894	71782	22873	75720	31047	
91721	62987	24097	76820	97188	88289	75023	33512	72409	119217	95916	78912	59074	85798	119592	64285	75591	151388	122293	115632	72559	29522	83864	82277	0	55107	74801	63462	67405	92926	57056	97692	73019	80197	129064	56742	26801	64814	46308	51805	72386	65607	70664	56134	30322	35603	33752	51584	50457	23057	89237	56142	59905	115298	44381	59505	41020	65038	27174	110277	51930	132449	81100	53032	37410	101282	134116	103613	9348	58225	66242	140158	127885	91594	87986	60980	66891	62320	47588	94664	42171	63436	31525	34761	79604	56614	39485	62009	51489	83588	42720	40659	77638	60967	73475	95331	53863	138780	53544	65236	37821	96005	107481	79414	62676	89441	70596	73047	56887	40662	83516	59696	61475	33490	73975	26085	55055	55052	81868	24423	116590	69165	48809	110542	99559	31146	43826	36106	59319	41317	82551	59995	57998	65054	113311	81380	53206	61745	43080	104431	75738	72682	88807	58900	94360	99881	45588	45843	68535	85201	70816	41884	104822	13013	73421	67210	127212	47528	64106	62108	69912	136333	17226	51134	102090	41295	49901	63490	68664	17227	21114	68777	106221	75905	
32769	89543	59334	92618	32298	29337	8511	61778	11754	54926	20530	5508	25185	26846	55302	27239	8221	50529	58003	26689	11601	51132	24912	6273	55107	0	29818	11073	14878	26841	19588	52709	21350	42729	57244	12573	55366	23089	22621	5479	34919	20624	25682	12255	50179	35721	33871	71441	17937	42914	96101	3388	39911	70316	30406	22899	23158	20200	47031	32341	10998	58417	36118	83875	26992	56300	48703	31794	51757	13242	21260	52761	90418	46612	43004	15998	26835	17337	12270	34624	22055	18454	31643	54618	42137	19146	47016	11833	12752	33873	73623	40777	89544	16799	19050	57864	16396	57012	21024	20254	27668	41580	70013	34432	18507	33892	16171	28065	5004	66293	38533	14714	8721	33608	28992	45942	9312	16458	36885	44280	79123	24183	16290	38722	22309	51003	43577	36224	17461	61174	28126	11767	3113	20072	114797	36397	15738	21689	41568	66964	88516	15068	34879	20307	49377	62414	27761	27805	23553	34975	18062	61740	44782	50842	28438	22228	41039	47562	49050	9719	24930	48936	42137	33160	57107	23591	80641	18508	23682	59636	63523	16827	68754	30922	
55407	71936	79027	68785	60873	51975	23490	81471	29561	29333	20338	26578	42190	49483	25301	28030	39278	65864	32409	79318	36247	70826	47549	29943	74801	29818	0	45332	21943	75100	39230	28273	55193	62371	111238	38996	76300	46988	27846	28411	54560	14675	7459	24791	71113	56655	54804	51381	35811	63848	73738	38012	62141	41158	31547	41680	42799	47212	67965	46357	34104	72433	12662	81394	44866	31864	45607	85787	72691	20551	9267	53404	110059	22176	17612	23887	49065	16858	30144	76838	39928	16347	52577	62719	61779	38788	58555	44263	33101	65762	74668	52316	67181	45868	40849	77505	36037	63693	29604	18870	33905	38484	89655	5274	44996	22457	31157	3655	38757	67470	21318	17981	43346	54542	10813	66875	20881	22902	8804	65214	98764	5757	34163	92716	81733	71937	62727	37833	41493	82108	37253	27542	34998	13242	96830	18219	35380	43919	46848	86605	71166	27841	70981	23396	24942	82055	47403	24878	16688	13122	52686	69484	86996	71776	9670	12706	51067	66712	26687	43978	11547	56667	63071	52310	34744	41465	81090	13415	13692	80570	84457	53677	88395	12743	
32335	97897	67688	107289	31864	28903	20196	70132	20108	69597	25997	15055	35985	26412	59154	41512	10433	55692	72673	19937	13814	59487	24477	17118	63462	11073	45332	0	27634	20841	28376	69576	11623	25053	51045	11690	64345	18608	35321	14458	28821	37491	42548	23068	59159	44700	42850	80420	26916	51893	112968	9446	39307	84993	43380	26633	31702	14107	56011	28765	18552	54840	52984	92854	37454	73167	57652	25595	60736	30109	38126	63693	93582	63479	59870	32865	26231	34204	21250	28624	31034	35320	40623	49128	17529	25245	44964	10875	21635	24146	82602	38726	106410	14185	15206	53724	21227	62316	30004	37121	36647	44427	65874	50136	14025	42712	19019	44931	8216	75272	55400	31581	7815	42588	45859	54921	19102	27270	53752	53259	61808	41049	25269	32523	16110	59982	42665	45203	18133	70154	30974	22791	14138	36938	123776	53264	25187	21084	54542	62824	105383	17916	25152	31119	66244	45099	33429	38617	40419	43795	11863	49271	38782	59822	45305	39094	50748	46498	65917	4716	41796	59869	51117	32096	73974	32571	89621	35375	40548	68615	72502	7100	60109	47789	
48011	76118	71632	83900	53478	44579	9367	74075	22165	46208	12950	12039	34795	42088	42571	23862	22576	54413	49284	41665	28851	63430	40153	9312	67405	14878	21943	27634	0	38792	31703	45220	34730	54845	72657	31470	68774	39462	20949	15319	47034	15225	18193	17265	63587	49129	47278	56600	28285	56322	88612	16768	54615	58740	28734	34153	35273	39686	60439	36357	26578	62433	28629	97283	37340	48811	46984	47206	65164	5698	13771	57027	102533	39123	35515	10594	41539	4869	22618	69312	32402	11832	45051	68026	54252	31261	51028	25213	25574	58236	87030	44790	82055	38342	25186	69979	28511	61028	16638	15384	38016	39861	82128	24128	37470	26208	21157	20576	18685	79701	31044	10218	20672	47016	21503	59349	9867	14786	29397	57688	91238	16694	26637	54135	30844	64411	55201	49632	33967	74582	29629	3764	13086	7661	102049	28909	27853	36393	39896	79079	81028	11164	63455	20660	41889	74529	39877	27102	18154	27291	30013	61958	79470	64250	15987	9817	45055	59186	41562	23099	9736	52952	55545	44783	49619	22253	94049	9409	18283	73043	76930	30207	80869	23433	
42973	127361	97153	137057	39040	39540	42450	99597	52487	99365	40500	30823	53370	29871	68306	72739	25968	51576	102442	15820	29348	88951	35115	31330	92926	26841	75100	20841	38792	0	38947	98635	14910	23255	33354	26433	93407	22790	67443	30217	30734	66550	71607	57077	88220	55070	50028	109482	42675	80955	142027	25890	49878	80667	75228	37204	42273	24678	85072	27627	46097	44819	82043	121916	48025	102226	53326	19238	89797	59168	67185	59368	55764	92538	88930	61924	36802	63263	37009	8507	52378	64380	69684	59699	19316	49025	55535	23313	40340	14672	111663	49297	135469	24756	19367	39590	31798	57990	45763	66180	52406	55916	47023	58268	24596	50844	32354	73990	26535	104334	84459	60640	19447	71649	74918	83982	55998	61280	82811	82321	41425	70109	41028	26166	11784	64126	53236	74264	28704	72111	30717	37882	27549	65997	152837	82323	35758	31655	86390	43974	134442	31251	6749	65128	95303	26290	44000	72627	69479	51927	8790	59841	18665	88883	74364	47214	46422	68222	94976	20807	70855	55543	80178	42667	103033	48330	118682	64434	69608	97676	101563	17671	41908	76848	
20410	70675	61282	82117	21886	17582	20110	45698	11762	63495	40194	23189	15311	20532	63870	22542	15278	88797	66571	53041	14524	53081	14932	26555	57056	19588	39230	28376	31703	38947	0	61936	27128	36990	85857	13330	34836	18948	17362	15907	29179	29851	34908	20378	33992	18693	11643	49998	15183	26024	87676	21506	26179	79543	25421	4290	3889	19148	48373	67069	8437	89242	45344	67687	8202	65527	90909	60406	53098	22469	30486	96951	84678	55839	52231	25225	14827	26564	14353	51457	7124	27681	18175	23322	36397	4684	19158	18597	8244	40381	57435	12920	76077	15746	38839	52124	9149	95573	17970	29481	18689	65623	64273	43659	17455	53686	35960	37291	17615	50105	47760	23941	26839	20142	38219	31172	19299	20715	46112	27396	73383	33410	10977	67335	56352	27750	25543	21946	11227	35734	47915	24239	23362	29298	95504	45624	4149	15878	36583	61224	69840	36926	45600	22430	58604	56674	9519	26271	32780	49446	35556	31820	61615	52184	37665	31454	84005	30354	58277	20087	34156	93126	43479	14921	66334	14612	64454	27735	32909	60977	64865	23555	63014	40149	
78298	73933	101918	58955	83764	74866	46381	72594	52452	7573	53711	49469	65081	72374	49173	47022	62169	137964	4248	102209	59138	93717	70440	52834	97692	52709	28273	69576	45220	98635	61936	0	78572	85750	134617	62375	99679	70367	46403	51790	77939	38702	28632	48170	60842	80034	78183	53483	59190	87227	62669	61391	85520	53208	50648	65058	66178	70591	91344	79797	57483	105872	16630	83497	68245	8233	73394	109166	96070	43930	34268	77434	133438	7550	11289	47266	72444	40237	53523	100217	63307	44002	75956	86097	85157	62166	81933	67642	56480	89141	76770	75695	54459	69247	78724	100884	59416	144333	52983	46526	53267	66271	113033	33060	68375	50243	64597	33086	62136	69572	19643	41360	66725	77921	30175	90254	44260	51130	19639	88593	122143	37191	57542	116095	105112	95316	86106	56390	64872	105487	73069	50921	58377	42971	98932	24654	58759	67298	48950	109984	53431	56695	94360	42758	5324	105434	70782	44240	40715	40909	76065	92863	110375	95155	41870	45127	132765	90091	27813	67357	39177	83187	86450	75688	24688	64844	83193	36826	33054	103948	69223	77056	111774	32105	
28061	107454	77245	117150	23460	24629	29106	79689	32580	79458	36909	25332	40026	17831	79833	52832	14482	67628	82534	31873	20615	69044	20203	27395	73019	21350	55193	11623	34730	14910	27128	78572	0	14274	43466	15052	73325	10143	47362	25650	18665	46469	51526	36996	68138	41060	36018	89400	41235	60873	121945	18382	34949	96518	55147	23194	28263	9906	64990	37370	26015	63445	61962	101834	34015	82144	69177	31012	69716	39087	47104	75218	80219	72456	68848	41842	21873	43182	35569	18619	32297	44298	49602	45689	6750	28944	41525	11933	27012	10660	91582	35287	115388	13376	25637	47665	18470	73841	43051	46098	50966	71767	53140	60276	11268	54571	30877	53909	17399	84252	64378	40558	19674	51568	54837	63901	35917	41199	62730	62239	48512	50027	39588	37940	21527	50116	38307	54183	15189	58101	40460	40857	24445	45916	132756	62242	22430	16727	66309	50091	114361	29774	15032	45047	75222	31802	29990	52545	49397	66063	18291	44913	28777	68802	54283	48072	62273	42141	74895	11672	50774	71394	60096	27738	82952	46890	98600	44352	49526	77595	81482	5730	46812	56767	
18739	114632	84424	124328	14786	19180	43252	86867	39758	86636	63335	46331	50854	11603	87011	60010	32327	67434	89712	31678	29295	76222	16367	49696	80197	42729	62371	25053	54845	23255	36990	85750	14274	0	46422	29547	80657	13447	54694	39857	8111	53801	58858	44328	75471	61013	59162	96732	48568	68205	129278	31812	26019	97386	62479	27131	40288	17715	72323	46206	33348	68378	69294	109166	44103	89477	70046	39543	77048	46419	54436	76087	70205	79789	76181	49175	17759	50514	42901	21575	39629	51631	56935	43111	8486	36276	37597	25363	37764	9684	98914	39224	122720	26452	44535	25242	24075	74710	50383	53431	58299	72636	37392	67608	19462	77636	54254	61241	34823	91585	71710	47891	35128	58900	62169	71233	43249	48531	70062	69572	43501	57360	46920	46471	35488	76294	35307	61515	21310	49841	68424	48189	47311	53248	140088	69574	32868	15560	73641	34342	121693	60876	15718	52379	82554	26792	33927	59878	56730	73396	24471	39846	31733	76134	61615	55404	63141	37074	82227	25102	58106	72263	67429	24422	90284	54222	105933	51685	56859	84927	88814	19161	36133	64099	
64529	163499	133291	173195	58960	85978	92119	135735	88625	135503	63130	61226	99721	55031	97591	108877	54443	44987	138580	34700	83461	125089	58407	61733	129064	57244	111238	51045	72657	33354	85857	134617	43466	46422	0	59551	130328	54070	104365	60510	53798	103472	108529	93999	125141	110683	108833	146403	98238	117876	178948	56183	71175	91667	112150	82777	89958	57797	121993	35177	83018	30242	118965	158837	93774	139147	64326	24848	126719	96090	104107	70368	45120	129459	125851	98845	85296	100185	92572	25344	89300	101301	106606	105272	46790	85947	101108	56432	87435	41471	148585	94870	172391	57875	45152	30028	79721	54234	100054	103101	107969	66916	35359	81983	57715	74560	54871	110912	57763	141255	121381	97561	49740	108571	111840	120904	92920	98202	119733	119242	21480	107030	96591	18153	36105	125965	105237	111186	77723	120098	50645	73422	57842	102919	189759	119245	82539	57678	123312	32976	171364	62180	31255	102050	132225	22303	89573	109548	106400	75643	42027	110103	13466	125805	76089	70929	57422	105143	131898	53926	107777	66543	117099	93038	139955	103893	155603	101355	106529	134598	138485	46473	28084	113770	
25355	91177	60969	100953	24883	21922	13498	63413	12494	63262	39960	15247	27194	19431	63637	34815	4401	64397	66338	28641	3670	52767	17497	18671	56742	12573	38996	11690	31470	26433	13330	62375	15052	29547	59551	0	57523	14035	24831	10000	25294	30668	35726	21196	52336	37878	36028	73598	22510	45071	106145	9183	30857	80360	32890	13844	16936	11145	49188	40406	8461	66481	46162	86032	20751	66344	87024	34047	53914	23287	31304	93066	80793	56656	53048	26042	17781	27382	16843	29926	16277	28498	33800	36339	20218	12924	32175	5314	11362	36496	75780	25937	99588	7744	25849	48239	8024	91688	25597	30298	26158	51321	60389	44476	9452	54503	25912	38109	7081	68450	48577	24758	16792	35766	39036	48099	15831	25398	46930	46437	69498	34227	16249	40976	24563	53160	34523	38381	8406	63331	37867	20771	15246	30116	116954	46442	9516	12634	44052	57339	98560	24809	26339	29247	59422	52789	20640	36745	33597	50263	21327	41279	40084	53000	38483	32272	80120	38507	59095	6816	34974	89241	44294	24105	67152	22081	82798	28552	33726	61793	65680	9327	59129	40966	
35941	69319	31958	83151	39052	34717	56371	41554	53757	100565	77264	60259	33731	43564	100940	41540	56939	132736	103641	96980	53907	22826	40462	63625	26801	55366	76300	64345	68774	93407	34836	99679	73325	80657	130328	57523	0	65115	46609	52106	72687	65908	70965	56435	29836	19109	34053	51097	50758	15968	88750	56443	29129	115599	43894	34177	30614	65339	26688	110578	52231	132750	81401	63532	28894	101584	134417	103914	21523	58526	66543	140459	92618	91896	88287	61281	37316	62621	47890	94965	34793	63737	31826	12156	79906	36996	16880	62310	51790	83889	53279	21990	77151	45632	73776	95632	54164	139081	53845	65537	37098	96306	107782	79715	47341	89743	70897	73348	57188	45950	83817	59997	61777	24798	74276	10708	55356	55353	82169	23937	116891	69466	49111	110843	99860	7023	20248	34597	41114	12094	82852	60296	58299	65355	94453	81681	38534	62046	42593	104732	75251	69794	89108	47479	94661	100182	27444	45356	52763	85503	71117	14618	105123	18988	73722	67511	127513	20262	63620	62409	70213	136634	18030	31014	102391	41596	60298	63791	53653	29506	33393	53442	106522	76206	
18890	99250	69041	108945	14169	15458	27869	71485	24375	71254	47952	30948	31845	8779	71629	44628	18556	68159	74330	32403	15524	60839	11032	34313	64814	23089	46988	18608	39462	22790	18948	70367	10143	13447	54070	14035	65115	0	39287	21661	11390	38394	43451	28921	60063	32985	27943	81325	33160	52798	113870	18395	26874	97529	47072	15119	20188	4430	56915	46349	17940	68521	53887	93759	25940	74070	70188	39685	61641	31012	39029	76230	80412	64381	60773	33767	13798	35107	27494	27597	24222	36223	41528	37614	6617	20869	33450	13762	22357	16521	83507	27212	107313	9986	31748	36294	12063	74852	34976	38023	42891	72778	48443	52201	6177	62229	35125	45834	17412	76177	56303	32483	25785	43493	46762	55826	27842	33124	54655	54164	49523	41952	31513	46614	27638	42041	30232	46108	7114	50026	68566	32782	24459	37841	124681	54167	17461	5183	58234	45394	106286	34022	21740	36972	67147	32814	21915	44471	41322	57989	24403	36838	37755	60727	46208	39997	63284	34066	66820	18690	42699	72405	52021	19663	74877	38815	90525	36277	41451	69520	73407	12402	47184	48692	
